0.0,1322.5,1163.0,728.8,3990.1,1662.9,835.9,626.9,184.7,470.1,5300.8,436.5,371.9,301.2,777.6,1524.0,752.1,728.8,510.2,606.4,756.7,625.8,407.2,3377.3,1142.3,889.5,470.4,1107.9,3054.2,5718.5,2723.4
1322.5,0.0,455.6,2051.2,5312.6,2985.3,2158.4,1949.4,1137.7,852.4,3978.4,1759.0,1694.4,1623.7,2100.0,201.6,2074.6,2051.2,1832.7,1928.8,2079.2,1948.3,1729.7,2054.8,2464.8,2212.0,1792.8,1216.1,4376.7,4396.0,1400.9
1163.0,455.6,0.0,1891.7,5153.1,2825.8,1998.9,1789.9,978.2,692.9,4434.0,1599.5,1534.9,1464.2,1940.5,657.2,1915.1,1891.7,1673.2,1769.3,1919.7,1788.8,1570.2,2510.4,2305.3,2052.5,1633.3,1671.7,4217.2,4851.6,1856.5
728.8,2051.2,1891.7,0.0,4244.6,1917.3,1090.3,881.4,913.5,1198.9,6029.6,691.0,626.3,427.6,1032.0,2252.8,1006.6,0.0,764.6,860.8,1011.2,880.3,468.6,4106.1,1396.8,1144.0,522.0,1773.4,3308.6,6447.3,3452.1
3990.1,5312.6,5153.1,4244.6,0.0,2409.7,3267.2,3659.4,4174.9,4460.2,9291.0,3662.4,3618.2,3817.0,3434.6,5514.2,3677.2,4244.6,3479.9,3383.7,3681.8,3550.9,3923.0,7367.4,3573.7,3100.6,3986.2,5034.8,985.0,9708.6,6713.5
1662.9,2985.3,2825.8,1917.3,2409.7,0.0,940.0,1332.1,1847.6,2132.9,6963.7,1335.1,1291.0,1489.7,1107.3,3186.9,1349.9,1917.3,1152.7,1056.5,1354.5,1223.6,1595.8,5040.1,1246.4,773.3,1658.9,2707.5,1473.8,7381.3,4386.2
835.9,2158.4,1998.9,1090.3,3267.2,940.0,0.0,505.2,1020.6,1306.0,6136.7,508.1,464.0,662.8,280.4,2359.9,523.0,1090.3,325.7,229.5,527.6,396.7,768.8,4213.2,306.4,166.6,831.9,1880.5,2331.3,6554.4,3559.3
734.3,2056.8,1897.3,988.8,3659.4,1332.1,505.2,0.0,919.0,1204.4,6035.1,287.8,362.4,561.2,446.8,2258.3,89.8,988.8,224.1,275.6,231.3,176.3,667.2,4111.6,811.6,558.8,730.3,1778.9,2723.4,6452.8,3457.7
184.7,1137.7,978.2,913.5,4174.9,1847.6,1020.6,811.6,0.0,285.4,5116.1,621.2,556.6,485.9,962.3,1339.3,936.8,913.5,694.9,791.1,941.5,810.6,592.0,3192.6,1327.1,1074.2,655.1,1292.6,3238.9,5533.8,2538.6
470.1,852.4,692.9,1198.9,4460.2,2132.9,1306.0,1097.0,285.4,0.0,4830.7,906.6,842.0,771.3,1247.6,1053.9,1222.2,1198.9,980.3,1076.5,1226.8,1095.9,877.3,2907.2,1612.4,1359.6,940.4,2068.4,3524.3,5248.4,2253.3
5382.4,4060.0,4515.6,6111.2,9372.6,7045.3,6218.3,6009.3,5197.7,4912.4,0.0,5819.0,5754.3,5683.6,6160.0,3858.4,6134.5,6111.2,5892.6,5988.8,6139.2,6008.3,5789.7,2244.2,6524.8,6271.9,5852.8,4692.4,8436.6,417.7,2709.8
436.5,1759.0,1599.5,691.0,3662.4,1335.1,508.1,287.8,621.2,906.6,5737.4,0.0,215.1,263.4,449.8,1960.5,305.6,691.0,227.1,278.6,310.2,111.5,369.4,3813.8,814.6,561.7,432.5,1481.1,2726.4,6155.0,3159.9
371.9,1694.4,1534.9,626.3,3618.2,1291.0,464.0,362.4,556.6,842.0,5672.7,215.1,0.0,198.8,405.7,1895.9,380.2,626.3,138.3,234.5,384.8,253.9,304.8,3749.2,770.5,517.6,367.9,1416.5,2682.3,6090.4,3095.3
301.2,1623.7,1464.2,427.6,3817.0,1489.7,662.8,453.8,485.9,771.3,5602.0,263.4,198.8,0.0,604.4,1825.2,579.0,427.6,337.1,433.3,583.6,452.7,106.0,3678.5,969.2,716.4,169.2,1345.8,2881.1,6019.7,3024.6
777.6,2100.0,1940.5,1032.0,3434.6,1107.3,280.4,446.8,962.3,1247.6,6078.4,449.8,405.7,604.4,0.0,2301.6,464.6,1032.0,267.4,171.2,469.2,338.3,710.5,4154.8,586.8,334.0,773.6,1822.2,2498.6,6496.0,3500.9
1524.0,201.6,657.2,2252.8,5514.2,3186.9,2359.9,2150.9,1339.3,1053.9,3776.8,1960.5,1895.9,1825.2,2301.6,0.0,2276.1,2252.8,2034.2,2130.4,2280.8,2149.9,1931.3,1853.3,2666.4,2413.5,1994.4,1014.5,4578.2,4194.5,1199.3
752.1,2074.6,1915.1,1006.6,3677.2,1349.9,523.0,89.8,936.8,1222.2,6052.9,305.6,380.2,579.0,464.6,2276.1,0.0,1006.6,241.9,293.4,249.1,194.1,685.0,4129.4,829.4,576.6,748.1,1796.7,2741.3,6470.6,3475.5
728.8,2051.2,1891.7,0.0,4244.6,1917.3,1090.3,881.4,913.5,1198.9,6029.6,691.0,626.3,427.6,1032.0,2252.8,1006.6,0.0,764.6,860.8,1011.2,880.3,468.6,4106.1,1396.8,1144.0,522.0,1773.4,3308.6,6447.3,3452.1
510.2,1832.7,1673.2,764.6,3479.9,1152.7,325.7,224.1,694.9,980.3,5811.0,353.4,138.3,337.1,267.4,2034.2,241.9,764.6,0.0,96.2,246.5,115.6,443.1,3887.5,632.2,379.3,506.2,1554.8,2544.0,6228.7,3233.6
606.4,1928.8,1769.3,860.8,3383.7,1056.5,229.5,275.6,791.1,1076.5,5907.2,278.6,234.5,433.3,171.2,2130.4,293.4,860.8,96.2,0.0,298.1,167.2,539.3,3983.7,536.0,283.1,602.4,1651.0,2447.8,6324.9,3329.8
756.7,2079.2,1919.7,1011.2,3681.8,1354.5,527.6,231.3,941.5,1226.8,6057.6,310.2,384.8,583.6,469.2,2280.8,249.1,1011.2,246.5,298.1,0.0,198.8,689.6,4134.0,834.0,581.2,752.8,1801.3,2745.9,6475.2,3480.1
625.8,1948.3,1788.8,880.3,3550.9,1223.6,396.7,176.3,810.6,1095.9,5926.7,111.5,253.9,452.7,338.3,2149.9,194.1,880.3,115.6,167.2,198.8,0.0,558.7,4003.1,703.1,450.3,621.9,1670.5,2615.0,6344.3,3349.2
407.2,1729.7,1570.2,468.6,3923.0,1595.8,768.8,559.8,592.0,877.3,5708.1,369.4,304.8,106.0,710.5,1931.3,685.0,468.6,443.1,539.3,689.6,558.7,0.0,3784.5,1075.2,822.4,210.1,1451.8,2987.1,6125.7,3130.6
3458.9,2136.4,2592.0,4187.7,7449.0,5121.7,4294.8,4085.8,3274.2,2988.8,2244.2,3895.4,3830.8,3760.1,4236.4,1934.9,4211.0,4187.7,3969.1,4065.3,4215.6,4084.7,3866.1,0.0,4601.2,4348.4,3929.2,2768.9,6513.1,2661.8,786.2
1142.3,2464.8,2305.3,1396.8,3573.7,1246.4,306.4,811.6,1327.1,1612.4,6443.2,814.6,770.5,969.2,586.8,2666.4,829.4,1396.8,632.1,536.0,834.0,703.1,1075.2,4519.6,0.0,473.1,1138.4,2187.0,2637.7,6860.8,3865.7
889.5,2212.0,2052.5,1144.0,3100.6,773.3,166.6,558.8,1074.2,1359.6,6190.3,561.7,517.6,716.4,334.0,2413.5,576.6,1144.0,379.3,283.1,581.2,450.3,822.4,4266.8,473.1,0.0,885.5,1934.1,2164.7,6608.0,3612.9
470.4,1792.8,1633.3,522.0,3986.2,1658.9,831.9,622.9,655.1,940.4,5771.2,432.5,367.9,169.2,773.6,1994.4,748.1,522.0,506.2,602.4,752.8,621.9,210.1,3847.6,1138.4,885.5,0.0,1515.0,3050.2,6188.9,3193.7
1107.9,1216.1,1671.7,1773.4,5034.8,2707.5,1880.5,1671.5,1292.6,2068.4,4610.8,1481.1,1416.5,1345.8,1822.2,1014.5,1796.7,1773.4,1554.8,1651.0,1801.3,1670.5,1451.8,2687.2,2187.0,1934.1,1515.0,0.0,4098.8,5028.5,2033.3
3054.2,4376.7,4217.2,3308.6,985.0,1473.8,2331.3,2723.4,3238.9,3524.3,8355.0,2726.4,2682.3,2881.1,2498.6,4578.2,2741.3,3308.6,2544.0,2447.8,2745.9,2615.0,2987.1,6431.5,2637.7,2164.7,3050.2,4098.8,0.0,8772.7,5777.6
5800.1,4477.6,4933.3,6528.9,9790.2,7462.9,6636.0,6427.0,5615.4,5330.0,417.7,6236.6,6172.0,6101.3,6577.7,4276.1,6552.2,6528.9,6310.3,6406.5,6556.8,6425.9,6207.3,2661.8,6942.4,6689.6,6270.5,5110.1,8854.3,0.0,3127.4
2805.0,1482.5,1938.1,3533.7,6795.1,4467.8,3640.9,3431.9,2620.2,2334.9,2709.8,3241.5,3176.9,3106.2,3582.5,1280.9,3557.1,3533.7,3315.2,3411.4,3561.7,3430.8,3212.2,786.2,3947.3,3694.5,3275.3,2114.9,5859.2,3127.4,0.0
